5.273840000000000315e-05
4.376060000000000247e-05
3.833030000000000128e-05
3.366209999999999743e-05
3.148639999999999724e-05
2.950060000000000009e-05
3.003060000000000009e-05
2.840149999999999904e-05
2.665460000000000057e-05
2.333850000000000025e-05
2.229880000000000070e-05
2.015639999999999899e-05
2.043329999999999967e-05
2.137760000000000010e-05
2.189230000000000044e-05
1.838320000000000045e-05
1.615729999999999860e-05
1.774789999999999994e-05
1.906269999999999962e-05
1.490730000000000040e-05
1.245360000000000050e-05
1.173779999999999966e-05
1.203320000000000026e-05
1.274439999999999948e-05
1.045819999999999924e-05
1.036070000000000060e-05
9.302889999999999627e-06
9.958639999999999235e-06
9.164720000000000237e-06
8.335120000000000590e-06
7.784220000000000494e-06
8.207309999999999183e-06
7.290109999999999731e-06
7.356959999999999777e-06
8.572449999999999553e-06
7.019550000000000411e-06
6.363680000000000031e-06
5.594089999999999663e-06
4.696569999999999657e-06
5.019650000000000297e-06
3.795780000000000019e-06
3.363330000000000035e-06
2.403679999999999829e-06
2.414989999999999895e-06
1.549380000000000021e-06
1.702229999999999964e-06
1.389150000000000074e-06
1.778540000000000043e-06
1.080059999999999998e-06
2.034270000000000176e-06
7.887349999999999751e-07
6.490699999999999748e-07
2.067580000000000042e-07
7.250760000000000269e-07
2.069290000000000128e-07
1.571409999999999908e-07
