6.880000000000000004e-02
5.140000000000000124e-02
5.260000000000000092e-02
5.190000000000000169e-02
5.299999999999999850e-02
6.250000000000000000e-02
6.339999999999999802e-02
5.179999999999999882e-02
5.319999999999999729e-02
5.449999999999999983e-02
5.600000000000000117e-02
5.539999999999999786e-02
5.589999999999999830e-02
6.010000000000000064e-02
6.169999999999999790e-02
6.489999999999999936e-02
6.610000000000000597e-02
6.400000000000000133e-02
7.530000000000000582e-02
6.969999999999999807e-02
8.260000000000000675e-02
9.120000000000000329e-02
7.130000000000000226e-02
7.570000000000000340e-02
8.260000000000000675e-02
8.319999999999999618e-02
8.770000000000000018e-02
8.599999999999999312e-02
7.580000000000000626e-02
8.309999999999999332e-02
9.009999999999999953e-02
8.820000000000000062e-02
9.070000000000000284e-02
9.349999999999999978e-02
9.420000000000000595e-02
9.969999999999999696e-02
9.289999999999999647e-02
1.040999999999999981e-01
1.097000000000000058e-01
1.084999999999999992e-01
1.436000000000000054e-01
1.171999999999999986e-01
1.446000000000000063e-01
2.129000000000000059e-01
1.547999999999999932e-01
1.724999999999999867e-01
2.114000000000000046e-01
2.134999999999999953e-01
2.190999999999999892e-01
2.701000000000000068e-01
2.847999999999999976e-01
2.882000000000000117e-01
3.050999999999999823e-01
7.559000000000000163e-01
4.193999999999999950e-01
3.857999999999999763e-01
