1.796199999999999913e-04
2.170119999999999883e-04
1.232600000000000091e-04
1.329819999999999950e-04
9.269260000000000086e-05
1.636420000000000030e-04
2.530290000000000130e-05
8.566109999999999881e-05
9.372579999999999293e-06
1.891859999999999874e-05
8.676029999999999669e-05
2.061259999999999980e-04
3.000570000000000038e-04
5.022439999999999977e-04
5.247669999999999852e-04
9.538980000000000072e-04
1.056019999999999962e-03
1.402950000000000030e-03
1.365120000000000049e-03
8.872359999999999275e-03
1.907139999999999877e-02
6.960980000000000292e-03
4.810870000000000077e-03
4.931040000000000249e-03
2.946020000000000149e-03
2.228690000000000185e-03
2.800850000000000128e-03
2.214269999999999954e-03
2.244410000000000068e-03
3.060729999999999788e-03
1.725970000000000065e-03
2.494350000000000213e-03
1.267399999999999907e-03
2.953400000000000122e-03
1.083619999999999983e-03
2.361339999999999967e-03
4.532030000000000260e-03
1.308050000000000055e-03
1.285670000000000042e-03
8.915659999999999948e-04
5.388870000000000465e-04
4.190139999999999967e-04
4.758629999999999804e-04
6.110420000000000088e-04
3.547240000000000007e-04
1.148710000000000052e-04
1.119259999999999987e-04
1.197429999999999952e-04
1.402180000000000050e-04
2.360440000000000053e-04
1.496830000000000101e-04
2.031040000000000124e-04
2.550550000000000169e-04
3.484349999999999936e-06
2.601230000000000165e-05
6.731440000000000090e-07
9.125170000000000503e-02
