7.336000000000000298e-01
4.117999999999999994e-01
6.070999999999999730e-01
4.057000000000000051e-01
3.943999999999999728e-01
6.230999999999999872e-01
7.492999999999999661e-01
3.494999999999999774e-01
7.045000000000000151e-01
7.213000000000000522e-01
6.401999999999999913e-01
3.720999999999999863e-01
2.305999999999999994e-01
1.763000000000000123e-01
1.292000000000000093e-01
1.405000000000000138e-01
1.006999999999999978e-01
7.660000000000000142e-02
8.450000000000000566e-02
1.476000000000000090e-01
1.079999999999999988e-01
1.166999999999999982e-01
1.076000000000000012e-01
1.529000000000000081e-01
2.426000000000000101e-01
3.800000000000000044e-01
2.263999999999999901e-01
2.149999999999999967e-01
2.300000000000000100e-01
2.053000000000000103e-01
3.057000000000000273e-01
2.290999999999999981e-01
1.864000000000000101e-01
1.894000000000000128e-01
2.822000000000000064e-01
3.069000000000000061e-01
1.589000000000000135e-01
2.320000000000000118e-01
2.791000000000000147e-01
3.845999999999999974e-01
3.760000000000000009e-01
2.985999999999999766e-01
4.530000000000000138e-01
3.331000000000000072e-01
7.272999999999999465e-01
3.109000000000000097e-01
4.310999999999999832e-01
4.158000000000000029e-01
6.412999999999999812e-01
6.661000000000000254e-01
5.114999999999999547e-01
9.095999999999999641e-01
7.483999999999999542e-01
2.693999999999999728e-01
5.368000000000000549e-01
2.615999999999999992e-01
3.930000000000000160e-02
