5.820000000000000173e-02
5.040000000000000036e-02
5.170000000000000290e-02
4.909999999999999781e-02
5.340000000000000302e-02
5.109999999999999959e-02
5.949999999999999734e-02
5.099999999999999672e-02
5.079999999999999793e-02
5.330000000000000016e-02
5.569999999999999951e-02
5.349999999999999895e-02
5.399999999999999939e-02
5.680000000000000326e-02
5.770000000000000129e-02
5.720000000000000084e-02
5.759999999999999842e-02
5.940000000000000141e-02
6.110000000000000153e-02
9.800000000000000377e-02
8.890000000000000679e-02
8.309999999999999332e-02
6.890000000000000291e-02
9.110000000000000042e-02
1.188000000000000028e-01
1.156999999999999973e-01
1.199000000000000066e-01
1.011999999999999983e-01
1.068000000000000060e-01
1.140999999999999931e-01
1.332000000000000128e-01
1.199999999999999956e-01
9.239999999999999603e-02
1.120000000000000023e-01
1.023000000000000020e-01
1.577999999999999958e-01
1.116999999999999937e-01
1.118999999999999995e-01
1.370000000000000107e-01
1.502999999999999892e-01
1.504000000000000059e-01
1.303999999999999881e-01
1.922999999999999987e-01
1.975000000000000089e-01
3.022000000000000242e-01
1.675000000000000100e-01
2.102999999999999869e-01
2.054999999999999882e-01
2.422999999999999876e-01
2.743999999999999773e-01
2.795000000000000262e-01
4.788999999999999924e-01
6.190999999999999837e-01
4.455999999999999961e-01
4.665000000000000258e-01
5.211999999999999966e-01
