1.733169999999999850e-02
1.600510000000000127e-02
1.469220000000000075e-02
1.242429999999999923e-02
1.242060000000000039e-02
1.126379999999999916e-02
1.121779999999999999e-02
1.133679999999999931e-02
1.034990000000000042e-02
9.233740000000000697e-03
8.761740000000000500e-03
8.155320000000000624e-03
8.251680000000000820e-03
8.416059999999999514e-03
8.708030000000000284e-03
7.324729999999999783e-03
6.380470000000000065e-03
7.450830000000000300e-03
7.367320000000000119e-03
1.393780000000000019e-02
2.248570000000000083e-02
1.105719999999999967e-02
8.875869999999999246e-03
9.142590000000000786e-03
6.559660000000000143e-03
5.239790000000000246e-03
5.774460000000000356e-03
5.528710000000000048e-03
5.476619999999999752e-03
5.929030000000000064e-03
4.420509999999999891e-03
5.194680000000000131e-03
3.720059999999999860e-03
5.549710000000000233e-03
4.144850000000000270e-03
4.928189999999999828e-03
6.720880000000000257e-03
3.436629999999999980e-03
2.985359999999999837e-03
2.680950000000000086e-03
1.978999999999999856e-03
1.536800000000000058e-03
1.343720000000000071e-03
1.481029999999999933e-03
9.097349999999999491e-04
7.422449999999999925e-04
5.780369999999999953e-04
7.370200000000000145e-04
5.490659999999999638e-04
1.003519999999999933e-03
3.786959999999999806e-04
4.150840000000000259e-04
3.111519999999999781e-04
6.908559999999999463e-05
7.453199999999999723e-05
4.834139999999999764e-05
