1.934960000000000054e-04
2.641140000000000263e-04
1.551389999999999931e-04
1.641140000000000079e-04
1.207879999999999962e-04
2.141249999999999870e-04
3.367419999999999685e-05
1.150139999999999935e-04
1.331890000000000050e-05
2.645939999999999946e-05
1.100480000000000007e-04
3.203139999999999829e-04
5.493279999999999691e-04
9.210400000000000314e-04
1.045939999999999977e-03
2.206469999999999872e-03
4.171000000000000228e-03
1.020670000000000084e-02
1.180349999999999976e-02
1.165099999999999990e-02
3.033130000000000201e-03
2.925259999999999840e-03
4.580869999999999907e-03
4.390530000000000127e-03
3.249440000000000141e-03
3.135939999999999821e-03
3.534559999999999959e-03
2.014960000000000102e-03
1.861019999999999905e-03
2.177590000000000081e-03
2.445280000000000196e-03
1.938159999999999970e-03
2.586030000000000013e-03
2.545270000000000084e-03
3.187769999999999927e-03
2.036819999999999950e-03
2.077450000000000217e-03
3.392120000000000204e-03
9.050689999999999907e-04
1.201360000000000058e-03
8.067530000000000057e-04
1.060909999999999978e-03
1.493739999999999912e-03
4.621560000000000251e-04
3.569439999999999896e-04
2.674910000000000178e-04
1.505429999999999984e-04
6.503170000000000283e-05
1.672839999999999928e-04
2.698059999999999846e-04
3.040210000000000221e-04
1.862499999999999871e-05
3.253719999999999876e-04
4.766310000000000280e-06
1.675509999999999955e-04
7.975179999999999552e-07
