7.108999999999999764e-01
4.128999999999999893e-01
6.131999999999999673e-01
3.985000000000000209e-01
3.947999999999999843e-01
6.245000000000000551e-01
7.479999999999999982e-01
3.484999999999999765e-01
7.072000000000000508e-01
7.127000000000000002e-01
5.744000000000000217e-01
3.489999999999999769e-01
2.310000000000000109e-01
1.721999999999999920e-01
1.302000000000000102e-01
1.098999999999999977e-01
9.579999999999999627e-02
8.039999999999999925e-02
8.469999999999999751e-02
1.489999999999999936e-01
2.114000000000000046e-01
1.879000000000000115e-01
2.530999999999999917e-01
3.017000000000000237e-01
1.812000000000000000e-01
2.676999999999999935e-01
1.869000000000000106e-01
1.706000000000000016e-01
2.308000000000000052e-01
1.932000000000000106e-01
3.039999999999999925e-01
2.381999999999999951e-01
2.808999999999999830e-01
2.708999999999999742e-01
3.794000000000000150e-01
3.191999999999999837e-01
3.161999999999999811e-01
4.470000000000000084e-01
2.838999999999999857e-01
5.493999999999999995e-01
4.434000000000000163e-01
3.544999999999999818e-01
3.967999999999999861e-01
6.173999999999999488e-01
5.869999999999999662e-01
4.274000000000000021e-01
5.904000000000000359e-01
3.337999999999999856e-01
7.662999999999999812e-01
5.103999999999999648e-01
6.790000000000000480e-01
2.681999999999999940e-01
6.032999999999999474e-01
1.635999999999999954e-01
7.180999999999999606e-01
2.559000000000000163e-01
