3.173140000000000184e-04
2.832159999999999799e-04
1.636139999999999958e-04
1.409779999999999909e-04
1.275059999999999952e-04
1.532600000000000065e-04
1.524899999999999986e-04
1.171959999999999940e-04
1.049060000000000015e-04
7.858289999999999601e-05
8.379329999999999613e-05
2.330800000000000113e-04
5.447800000000000255e-04
7.777370000000000247e-04
1.251619999999999946e-03
2.411309999999999842e-03
4.966719999999999989e-03
9.488850000000000062e-03
1.134510000000000032e-02
1.231289999999999989e-02
4.204839999999999620e-03
3.727750000000000161e-03
4.374509999999999857e-03
3.916479999999999961e-03
3.741710000000000088e-03
3.130579999999999995e-03
3.501279999999999844e-03
3.151290000000000167e-03
2.583450000000000156e-03
2.663070000000000020e-03
2.355190000000000061e-03
2.127790000000000063e-03
2.647479999999999799e-03
2.071490000000000050e-03
2.281850000000000198e-03
1.997319999999999911e-03
2.212500000000000057e-03
1.476429999999999930e-03
1.521290000000000012e-03
1.005040000000000013e-03
9.502620000000000034e-04
1.080989999999999989e-03
7.352940000000000517e-04
4.149569999999999778e-04
5.301989999999999698e-04
3.291330000000000080e-04
4.133289999999999859e-04
2.485209999999999741e-04
1.944969999999999913e-04
1.909529999999999995e-04
1.575539999999999894e-04
1.022430000000000035e-04
1.333220000000000086e-04
4.942250000000000327e-05
3.441520000000000213e-05
1.258710000000000015e-05
1.053240000000000010e-01
