2.253000000000000003e-01
1.920000000000000040e-01
1.703999999999999959e-01
1.935000000000000053e-01
1.648000000000000020e-01
1.539999999999999980e-01
1.844999999999999973e-01
2.205999999999999905e-01
2.376999999999999946e-01
3.348999999999999755e-01
1.834999999999999964e-01
1.155000000000000054e-01
6.500000000000000222e-02
5.569999999999999951e-02
4.209999999999999853e-02
3.300000000000000155e-02
2.939999999999999905e-02
2.709999999999999909e-02
2.750000000000000014e-02
4.800000000000000100e-02
6.779999999999999916e-02
7.109999999999999654e-02
7.119999999999999940e-02
7.729999999999999372e-02
6.809999999999999387e-02
9.470000000000000639e-02
7.510000000000000009e-02
8.210000000000000631e-02
7.630000000000000671e-02
8.790000000000000591e-02
9.120000000000000329e-02
8.569999999999999840e-02
9.110000000000000042e-02
9.039999999999999425e-02
1.038000000000000034e-01
1.047000000000000014e-01
1.019999999999999934e-01
1.295999999999999930e-01
1.308999999999999886e-01
1.390000000000000124e-01
1.516000000000000125e-01
1.678999999999999937e-01
1.723999999999999977e-01
2.306999999999999884e-01
2.398000000000000131e-01
2.449999999999999956e-01
3.371999999999999997e-01
2.427999999999999881e-01
2.869999999999999774e-01
2.164999999999999980e-01
4.471999999999999864e-01
3.518000000000000016e-01
4.060000000000000275e-01
4.590000000000000191e-01
4.351999999999999758e-01
4.016000000000000125e-01
1.290000000000000001e-02
