2.754509999999999945e-02
2.640460000000000029e-02
2.450710000000000041e-02
2.095419999999999922e-02
2.139989999999999948e-02
1.933239999999999958e-02
1.877590000000000162e-02
1.996099999999999958e-02
1.802170000000000161e-02
1.639430000000000054e-02
1.587620000000000003e-02
1.500199999999999971e-02
1.595749999999999946e-02
1.599650000000000030e-02
1.659479999999999983e-02
1.555680000000000084e-02
1.818420000000000106e-02
3.541729999999999878e-02
4.188700000000000062e-02
1.723289999999999891e-02
1.004799999999999964e-02
1.082810000000000022e-02
1.121240000000000084e-02
1.128320000000000017e-02
9.327709999999999474e-03
8.377310000000000659e-03
8.929819999999999772e-03
7.926080000000000278e-03
7.158969999999999743e-03
6.375669999999999948e-03
7.513040000000000343e-03
6.558809999999999987e-03
6.684680000000000136e-03
6.559019999999999607e-03
7.276389999999999768e-03
7.678629999999999657e-03
6.101989999999999845e-03
7.097260000000000200e-03
3.804629999999999818e-03
4.242169999999999969e-03
3.072500000000000144e-03
3.898239999999999865e-03
2.757589999999999868e-03
1.998680000000000075e-03
1.310839999999999965e-03
1.368960000000000012e-03
1.098170000000000092e-03
1.094340000000000070e-03
9.272030000000000332e-04
1.572360000000000077e-03
4.563939999999999946e-04
4.578690000000000169e-04
4.205969999999999848e-04
1.072420000000000008e-04
1.520980000000000064e-04
8.704340000000000081e-05
5.967649999999999899e-01
