5.469999999999999862e-02
4.909999999999999781e-02
5.170000000000000290e-02
4.859999999999999737e-02
5.149999999999999717e-02
4.870000000000000023e-02
5.619999999999999996e-02
5.000000000000000278e-02
5.009999999999999870e-02
5.210000000000000048e-02
5.419999999999999818e-02
5.160000000000000003e-02
5.199999999999999761e-02
5.330000000000000016e-02
5.240000000000000213e-02
5.229999999999999927e-02
5.750000000000000250e-02
5.829999999999999766e-02
6.650000000000000355e-02
9.149999999999999800e-02
8.340000000000000191e-02
1.163000000000000006e-01
9.650000000000000244e-02
1.043000000000000038e-01
9.420000000000000595e-02
8.690000000000000502e-02
1.428000000000000103e-01
8.759999999999999731e-02
9.529999999999999583e-02
9.510000000000000397e-02
1.542000000000000037e-01
9.840000000000000135e-02
1.044999999999999957e-01
1.307000000000000106e-01
1.024000000000000049e-01
1.589000000000000135e-01
1.638000000000000012e-01
1.796000000000000096e-01
1.111000000000000043e-01
1.212000000000000022e-01
1.406999999999999917e-01
2.615000000000000102e-01
1.589000000000000135e-01
2.331999999999999906e-01
1.716999999999999915e-01
1.809000000000000052e-01
2.656000000000000028e-01
2.056000000000000050e-01
2.374999999999999889e-01
2.550999999999999934e-01
2.634000000000000230e-01
3.128000000000000225e-01
5.020999999999999908e-01
4.818000000000000060e-01
4.737000000000000099e-01
5.223999999999999755e-01
